%SAIL ANGLE
SA = [
0
45
90
0
45
90
0
10
20
30
90
0
10
30
40
45
50
90
0
10
20
30
45
60
70
80
90
0
10
20
30
40
50
60
80
90
0
30
40
45
60
90
0
45
90
0
45
90
45
0
10
20
30
90
0
10
20
30
35
90
0
10
20
30
45
60
70
80
90
0
10
20
30
45
60
90
0
10
20
30
45
60
70
90
0
45
90
0
45
90
0
10
20
30
90
0
10
20
30
35
90
0
10
20
30
45
60
80
90
0
10
20
30
50
60
70
80
90
0
15
20
30
40
60
80
90
0
45
90
0
45
90
0
10
20
30
90
0
10
20
30
35
90
0
10
20
30
45
60
80
90
0
10
20
30
50
60
70
80
90
0
15
20
30
40
60
80
90];