%wind angle
WA = [
0
0
0
25
25
25
30
30
30
30
30
60
60
60
60
60
60
60
90
90
90
90
90
90
90
90
90
120
120
120
120
120
120
120
120
120
180
180
180
180
180
180
0
0
0
25
25
25
25
30
30
30
30
30
60
60
60
60
60
60
90
90
90
90
90
90
90
90
90
120
120
120
120
120
120
120
180
180
180
180
180
180
180
180
0
0
0
25
25
25
30
30
30
30
30
60
60
60
60
60
60
90
90
90
90
90
90
90
90
120
120
120
120
120
120
120
120
120
179
179
179
179
179
179
179
179
0
0
0
25
25
25
30
30
30
30
30
60
60
60
60
60
60
90
90
90
90
90
90
90
90
120
120
120
120
120
120
120
120
120
179
179
179
179
179
179
179
179
];
